4294967279,76
4294967279,74
4294967294,1006
4294967294,1005
4294967294,196
4294967279,72
4294967279,71
4294967279,70
4294967279,69
4294967279,68
4294967279,65
4294967294,140
4294967294,134
4294967294,993
4294967294,990
4294967294,989
4294967294,60
4294967294,1013
4294967294,1012
4294967294,1008
4294967294,1007
4294967294,198
4294967294,197
4294967294,998
4294967294,195
4294967294,448
4294967294,450
4294967294,398
4294967294,408
4294967294,411
4294967294,403
4294967294,166
4294967294,415
4294967294,189
4294967294,384
4294967294,394
4294967294,451
4294967294,120
4294967294,388
4294967294,412
4294967294,406
4294967294,401
4294967278,217
4294967278,215
4294967278,372
4294967278,354
4294967278,353
4294967278,371
4294967279,365
4294967279,317
4294967278,352
4294967278,370
4294967294,456
4294967278,351
4294967279,298
4294967278,369
4294967278,350
4294967278,349
4294967294,517
4294967294,453
4294967278,241
4294967279,293
4294967278,319
4294967294,454
4294967294,455
4294967294,997
4294967279,292
4294967278,348
4294967278,346
4294967279,286
4294967279,64
4294967279,63
4294967279,62
4294967279,61
4294967279,59
4294967279,57
4294967279,56
4294967279,55
4294967279,54
4294967279,51
4294967279,50
4294967279,49
4294967279,48
4294967279,46
4294967279,44
4294967279,43
4294967279,42
4294967279,41
4294967279,40
4294967279,39
4294967294,18
4294967294,127
4294967294,14
4294967294,126
4294967294,20
4294967294,13
4294967278,368
4294967294,161
4294967294,165
4294967294,24
4294967294,113
4294967294,115
4294967294,387
4294967294,112
4294967294,167
4294967294,31
4294967294,185
4294967294,182
4294967294,176
4294967294,173
4294967294,170
4294967294,199
4294967294,163
4294967294,190
4294967294,200
4294967294,69
4294967294,104
4294967294,106
4294967294,160
4294967294,119
4294967294,168
4294967294,147
4294967279,37
4294967279,35
4294967279,34
4294967279,33
4294967279,32
4294967279,29
4294967279,27
4294967279,26
4294967279,24
4294967279,23
4294967279,22
4294967279,21
4294967279,19
4294967279,18
4294967279,17
4294967279,16
4294967279,13
4294967279,12
4294967279,11
4294967279,10
4294967279,285
4294967278,318
4294967278,191
4294967278,344
4294967294,2
4294967294,46
4294967294,1
4294967278,285
4294967279,190
4294967279,282
4294967279,347
4294967278,381
59,4
4294967279,314
4294967278,343
4294967278,186
4294967278,377
4294967279,340
4294967278,185
4294967278,184
4294967294,30
4294967294,996
4294967294,421
4294967294,162
4294967294,97
4294967294,61
4294967294,128
4294967294,186
4294967294,82
4294967294,439
4294967294,45
4294967294,155
4294967294,44
4294967294,0
4294967294,436
4294967294,40
4294967294,36
4294967294,37
4294967278,342
4294967294,39
4294967294,42
4294967294,99
4294967294,76
4294967294,51
4294967294,52
4294967294,107
4294967294,81
4294967294,92
4294967294,91
4294967294,90
4294967294,88
4294967294,87
4294967294,86
4294967294,85
4294967294,84
4294967294,153
4294967294,129
4294967294,414
4294967294,152
4294967294,29
4294967294,150
4294967294,28
4294967294,1015
4294967294,27
4294967294,53
4294967294,393
4294967294,38
60,3
4294967294,96
4294967294,94
4294967294,9
4294967279,183
4294967294,8
4294967278,315
4294967278,276
4294967279,367
4294967278,314
4294967278,179
10,4
4294967278,178
4294967278,313
4294967278,267
4294967278,347
4294967278,0
58,4
4294967279,308
4294967279,306
4294967294,424
4294967294,25
4294967294,469
4294967294,15
4294967294,93
4294967294,95
4294967294,203
4294967294,416
4294967294,50
4294967294,156
4294967294,12
4294967294,472
4294967294,206
4294967294,68
4294967294,11
40,5
4294967279,167
4294967279,331
52,4
40,6
40,4
4294967278,132
4294967278,131
4294967278,130
4294967278,129
4294967278,128
4294967278,127
4294967278,126
4294967278,125
4294967278,124
4294967278,123
4294967278,122
4294967278,121
4294967278,120
4294967278,119
4294967278,118
4294967278,117
4294967278,116
4294967278,115
4294967278,114
4294967278,113
4294967278,112
4294967278,111
4294967278,110
4294967278,109
4294967278,108
4294967278,107
4294967278,106
4294967278,105
4294967278,104
4294967278,103
4294967278,102
4294967278,101
4294967278,100
4294967278,99
4294967278,98
4294967278,97
4294967278,96
4294967278,95
4294967278,94
4294967278,93
4294967278,92
4294967278,91
4294967278,90
4294967278,89
4294967278,87
4294967278,86
4294967278,85
4294967278,84
4294967278,83
4294967278,82
4294967278,81
4294967278,80
4294967278,79
4294967278,78
4294967278,77
4294967278,76
4294967278,75
4294967278,74
4294967278,73
4294967278,72
4294967278,71
4294967278,70
4294967278,69
4294967278,68
4294967278,67
4294967278,66
4294967278,65
4294967278,64
4294967278,63
4294967278,62
4294967278,61
4294967278,60
4294967278,59
4294967279,81
4294967279,75
